	Alphitonia.philippinensis..1.	Berchemia.floribunda..2.	Berchemia.giraldiana..3.	Berchemia.hirtella..4.	Berchemia.huana..5.	Berchemia.kulingensis..6.	Berchemia.lineata..7.	Berchemia.loureiroana..8.	Berchemia.sinica..9.	Berchemia.yunnanensis..10.	Ceanothus.asiaticus..11.	Colubrina.arborescens..12.	Colubrina.asiatica..13.	Colubrina.pubescens..14.	Colubrina.spinosa..15.	Gouania.hypoglauca..19.	Gouania.leptostachya..16.	Gouania.leptostachya..18.	Gouania.polygama..20.	Guoania.javanica..17.	Hovenia.acerba..21.	Hovenia.acerba.var..kiukiangensis..22.	Karwinskia.calderonii..23.	Krugiodendron.ferreum..24.	Paliurus.perforatus..25.	Rhamnella.franguloides..26.	Rhamnella.tonkinensis..27.	Rhamnus.crenata..28.	Rhamnus.davurica..29.	Rhamnus.diamantiaca..30.	Rhamnus.erythroxylon..31.	Rhamnus.globosa..32.	Rhamnus.hainanensis..33.	Rhamnus.koraiensis..34.	Rhamnus.leptophylla..35.	Rhamnus.longipes..36.	Rhamnus.napalensis..37.	Rhamnus.oreodendron..38.	Rhamnus.parvifolia..39.	Rhamnus.rosthornii..40.	Rhamnus.sphaerosperma..41.	Rhamnus.subapetala..42.	Rhamnus.utilis..43.	Sageretia.pauciflora..44.	Sageretia.thea..45.	Scutia.eberhardtia..46.	Scutia.myrtina..47.	Ventilago.calyculata..48.	Ventilago.calyculata.var..trichoclada..49.	Ventilago.cristata..50.	Ventilago.denticulate..51.	Ventilago.inaequilateralis..52.	Ventilago.leiocarpa..53.	Ventilago.leiocarpa.var..pubescens..54.	Ventilago.maderaspatana..55.	Ventilago.oblongifolia..56.	Ventilago.pauciflora..57.	Ziziphus.apetala..58.	Ziziphus.attopensis..59.	Ziziphus.cambodiana..60.	Ziziphus.funiculosa..61.	Ziziphus.guatemalensis..62.	Ziziphus.horsfieldii..63.	Ziziphus.incurva..64.	Ziziphus.mauritiana..65.	Ziziphus.oenopolia..66.	Ziziphus.poilaneo..67.	Ziziphus.rotundifolia..68.	Ziziphus.rugosa..69.	Ziziphus.rugosa.var..harmandii..70.	Ziziphus.thyrsiflora..71.
Alphitonia.philippinensis..1.	0	0.506996952355042	0.501196531763333	0.545086138842225	0.559693653924423	0.566642055317269	0.497892628205128	0.570205373617284	0.570536036571104	0.627515754317692	0.258420275161347	0.556454692031615	0.264519048908189	0.345858701506219	0.136742391696686	0.105903071287687	0.104237326459549	0.0610784783018252	0.157884670339662	0.308320042045113	0.329133920168988	0.0762701599377424	0.511914645183876	0.479275771384525	0.590721494668108	0.321369482872766	0.506015501592425	0.534114905749521	0.606983555380991	0.564165272343306	0.629717081930856	0.575267898451659	0.538865209106409	0.569958452287915	0.663885390018292	0.576043527580007	0.613108350264221	0.514952275288814	0.581731644423952	0.326821735956351	0.524319550108012	0.573398054936516	0.604868658508768	0.583472785363268	0.653930759638616	0.200685971422546	0.512044057412256	0.564018777761742	0.547785641447337	0.569267682418135	0.572637999973165	0.551166593329396	0.611684395805008	0.558473016096642	0.486304133148662	0.556366849555952	0.603195439635051	0.119470852183192	0.246541031584601	0.239842874946204	0.475525896379262	0.16365597998441	0.231808418907778	0.102318517762815	0.0867583282049413	0.218799367977921	0.247521046676948	0.113687100033254	0.100755313544498	0.229160996305023	0.134459565459733
Berchemia.floribunda..2.	0.506996952355042	0	0.0297297842306917	0.107655531537024	0.125439279749625	0.102505625494131	0.118687055281883	0.0988311527799848	0.107994596305955	0.219456188666072	0.406769611580264	0.353063682805062	0.338828788220269	0.28538830343719	0.620062018158121	0.442012122354124	0.450327393622413	0.484837132742456	0.64095995062246	0.25712723077027	0.205809843094326	0.4925775080147	0.156615290839429	0.218787629994527	0.181283341094201	0.28140293964516	0.223230332885505	0.152732580318787	0.223212419764144	0.142427660126736	0.265386133068571	0.184825153560786	0.14243550137764	0.146556737167505	0.281693622974777	0.139760338902714	0.163711673820567	0.101815569487983	0.156735582425238	0.266835535154501	0.119621510673235	0.185255510772752	0.184618012503305	0.17382807789003	0.283432272803146	0.608032293377121	0.109099060612938	0.14182241535059	0.250858112812722	0.182290962361956	0.154738146363762	0.178190161279439	0.167688023764355	0.135318437719916	0.152177914228667	0.158509700176367	0.187557867706111	0.41668476897464	0.288671180127942	0.300774657092207	0.159101683657179	0.603830629396734	0.297954106610716	0.505039682539683	0.448164622971622	0.311763077385936	0.270242952406022	0.44404247843903	0.434989927610488	0.325483876602732	0.484241263387853
Berchemia.giraldiana..3.	0.501196531763333	0.0297297842306917	0	0.108274272178336	0.114562795878585	0.107344054580897	0.127703634085213	0.109872126552941	0.105817402984586	0.221592564087384	0.396532812686478	0.346318004607478	0.321542418136845	0.272108118397259	0.614261597566412	0.434944259555994	0.444282001299545	0.479036712150747	0.635159530030751	0.237105753065792	0.189744070142677	0.487174633011099	0.145235247208931	0.20437256935442	0.166698088504844	0.268456507121462	0.205475051264525	0.143834744690008	0.219095212779423	0.14246132944044	0.27109984262983	0.189382716049383	0.144323945456862	0.147287105341971	0.286757818639007	0.141576126742974	0.17483709273183	0.105203349282297	0.150954374572796	0.252567498291182	0.119434837092732	0.190015948963317	0.189273438698788	0.172857142857143	0.281563172114684	0.60577694235589	0.106028078325896	0.130975711636816	0.236957913491211	0.170391419725785	0.140608480909233	0.172391938750987	0.157522690220697	0.12516201217329	0.130887724004848	0.148875893437297	0.18561684585295	0.411546444235589	0.286656174942565	0.293303220738413	0.146189236111111	0.598675500194418	0.296457869210062	0.493713954426296	0.442364202379913	0.30807641343978	0.263804629257622	0.438621384542437	0.432168218164459	0.317491867967792	0.479086134185537
Berchemia.hirtella..4.	0.545086138842225	0.107655531537024	0.108274272178336	0	0.110376449616956	0.114356037773759	0.171321328109303	0.113611726846721	0.109115263545643	0.240470752073712	0.441254188911852	0.344824678368982	0.363236229794309	0.295157725537472	0.668075051064493	0.477269744101556	0.487394700808906	0.526871092405181	0.685830789717808	0.277845000582928	0.244587258250698	0.523645160595884	0.158865325953934	0.229527031240257	0.165084163270447	0.309011697711914	0.229890770270517	0.162907252147758	0.231501878337321	0.165671780913853	0.27114681021069	0.217299131560735	0.174254962658739	0.180909589773335	0.293811135182234	0.179650775008337	0.189162806806045	0.127875842511918	0.189893099165251	0.287981875719217	0.166478501105083	0.224262151350759	0.205074208706991	0.201827218765644	0.294042916565136	0.652313756487389	0.167429443733859	0.0899142764031619	0.226817134328113	0.153590560696853	0.14457073968828	0.13661734389149	0.170078184893227	0.107768951462442	0.158428489360919	0.0881286557051325	0.198451381025615	0.451583656346974	0.333075526327356	0.336694128813437	0.196962668901949	0.645334899986944	0.354499307927578	0.529032030097067	0.493515332219753	0.331275855691146	0.33313532325031	0.487832624668068	0.463628329413044	0.364721922973337	0.525695776993384
Berchemia.huana..5.	0.559693653924423	0.125439279749625	0.114562795878585	0.110376449616956	0	0.0910751028806584	0.179442918192918	0.0996402641563932	0.0985157952069717	0.20966792211871	0.450564258823187	0.341448828948829	0.370279992338816	0.310577116273319	0.682682566146692	0.492797760830548	0.502002215891105	0.544627505373119	0.700438304800007	0.285939078068708	0.253855730326319	0.540417248095819	0.158441095941096	0.227908912607188	0.103559658970107	0.29800172727002	0.203548904798905	0.142828005328005	0.197502497502497	0.134483161931616	0.250333645682483	0.183931623931624	0.165906127770535	0.158020019812473	0.24999214207135	0.164265941198931	0.173784461152882	0.150373237873238	0.148560791060791	0.285812567062567	0.14718660968661	0.21039627039627	0.168900340966668	0.15900229713789	0.230471665844006	0.678908355795148	0.169120581315703	0.0982230957840714	0.21184132383112	0.146990740740741	0.104090354090354	0.150380029660852	0.137322925187003	0.0979090354090354	0.167779253870803	0.105679775471442	0.146999418027455	0.489231129595713	0.360633720301689	0.35887655738402	0.177391286375661	0.659942415069143	0.378105073938407	0.560679094213577	0.519476336267381	0.363718238469894	0.340376459842109	0.515098367598368	0.50227028958232	0.391879475922029	0.547276585213266
Berchemia.kulingensis..6.	0.566642055317269	0.102505625494131	0.107344054580897	0.114356037773759	0.0910751028806584	0	0.188785273368607	0.0727039123096471	0.0562428675173773	0.164698278455934	0.456441457755942	0.388447303725082	0.389918560016599	0.326731483341891	0.68365189429589	0.506092847987201	0.508950617283951	0.548427008880225	0.704549826760228	0.305391436409955	0.256461380848636	0.546705404383976	0.194258457591791	0.258821382959314	0.148060110967795	0.335105694641602	0.256983726150393	0.17149303885415	0.175228475228475	0.0889594204743117	0.217956605553505	0.146831275720165	0.146003347980749	0.106191442140953	0.224445142926991	0.116480324894796	0.120493595098858	0.13508430869542	0.113999184971407	0.321459636042969	0.127920047031158	0.167489711934156	0.138470317580295	0.130305702527925	0.229908825013238	0.668270883941743	0.164219128633085	0.112897542335212	0.254459111687003	0.167967804405713	0.150986491462682	0.170632101986744	0.118442606576371	0.104241202653901	0.18126029841601	0.139447383891828	0.132755883015488	0.483636004556143	0.361871750532775	0.367861310730299	0.207348848104056	0.666890816461989	0.390279614932393	0.566784802043423	0.52170474786561	0.363069298932066	0.330749929318632	0.522046768991213	0.505389078958419	0.394591416813639	0.548719126175458
Berchemia.lineata..7.	0.497892628205128	0.118687055281883	0.127703634085213	0.171321328109303	0.179442918192918	0.188785273368607	0	0.167752816180236	0.180527155306567	0.279904347894013	0.369280045351474	0.324761153198653	0.323974770463741	0.290522905364677	0.598971612748238	0.42220506440281	0.439450384577699	0.478674086837464	0.620509857311719	0.275071587791495	0.204246031746032	0.48530824829932	0.164214240620491	0.236781609195402	0.215464048803601	0.27133855981417	0.230238095238095	0.173783068783069	0.227354697771364	0.206948382016037	0.291980108742463	0.222872574955908	0.197168079096045	0.22148407082959	0.301590297422599	0.208157779005073	0.22797384085213	0.14392316017316	0.223332882395382	0.249777086339586	0.165698412698413	0.241859668109668	0.235186771137026	0.211342816787732	0.296907294832827	0.583315363881402	0.130860433604336	0.197655463608207	0.280327988338192	0.198152135854342	0.200414486307343	0.225278797021092	0.208743257820928	0.177348119803477	0.198427788955958	0.199389329805996	0.217873275478416	0.432894345238095	0.277777467757936	0.286904984008529	0.163503224206349	0.58991553745154	0.287579365079365	0.49942614258347	0.442612557253415	0.321880551613581	0.277448200654308	0.426582609395109	0.438092142558778	0.315415294663965	0.481246555936785
Berchemia.loureiroana..8.	0.570205373617284	0.0988311527799848	0.109872126552941	0.113611726846721	0.0996402641563932	0.0727039123096471	0.167752816180236	0	0.0774319674106202	0.176239361208881	0.472025981091361	0.375189878818911	0.406466421694126	0.346883081529876	0.68577303745646	0.513523960615447	0.514257742125126	0.551805776388402	0.706670969920798	0.338974148666502	0.272458723632822	0.549862939799576	0.185266838895871	0.270714815403358	0.151248207248448	0.32591447803879	0.261728808825583	0.185504041955655	0.17926267281106	0.13042497400246	0.218652430964884	0.152615349604597	0.139166601577755	0.134778859809292	0.219683519811275	0.134128765684303	0.124005511089552	0.146508285621189	0.14159149094633	0.314614171670623	0.132911418330773	0.16080156402737	0.139342077076606	0.13240429760386	0.218165542736579	0.66651812885836	0.188160178836811	0.125001873290622	0.259864990543068	0.158839342188488	0.146028088654817	0.174825523080052	0.119636705292828	0.116704992929071	0.212208826435314	0.149669845536781	0.111864804207282	0.484172453703704	0.364436773953533	0.366997577397192	0.213786148980201	0.670036025162753	0.377267345110087	0.57339561594011	0.514464097841565	0.371984389782403	0.338803240659311	0.509947239866595	0.508487376274788	0.394701550260919	0.550446659153871
Berchemia.sinica..9.	0.570536036571104	0.107994596305955	0.105817402984586	0.109115263545643	0.0985157952069717	0.0562428675173773	0.180527155306567	0.0774319674106202	0	0.160185292402175	0.461394210461963	0.386247453526865	0.373406862745098	0.320881052843078	0.686869076230392	0.501281965427337	0.513015051699692	0.551644190814727	0.707767008694731	0.304190801835137	0.251206037970744	0.554885065137166	0.184440872308519	0.257021045966279	0.149350121474792	0.335058223831538	0.263295277707042	0.169825000707354	0.163128483716719	0.088197813489657	0.205122720922995	0.143945430023861	0.130308149625198	0.0931957216849004	0.224780055036316	0.104196566942928	0.115039600635576	0.135046190193249	0.0997093837535014	0.314900404606287	0.115934018051665	0.162065189712249	0.130985965814897	0.130163477820507	0.243539874578673	0.675480800286572	0.179455413601755	0.104716595310211	0.25658977876865	0.147058823529412	0.135270774976657	0.177839491961168	0.103531088810929	0.0934084745009115	0.185014471359749	0.112192654839714	0.136887527596708	0.480165943692292	0.365873775725568	0.373687090922604	0.211917527427638	0.670107998396491	0.380424901442058	0.567001124204471	0.524921929800112	0.359473993791777	0.336034252547499	0.525263950925716	0.495920224815072	0.403569400573468	0.551452163834966
Berchemia.yunnanensis..10.	0.627515754317692	0.219456188666072	0.221592564087384	0.240470752073712	0.20966792211871	0.164698278455934	0.279904347894013	0.176239361208881	0.160185292402175	0	0.532341576722552	0.490335062283881	0.467718495972317	0.432654205407868	0.742009217737917	0.575551263059331	0.571600077768057	0.605324873499	0.76187210641223	0.407125961106714	0.347362339511483	0.613727234988484	0.312437791866926	0.364757853544169	0.25357177834114	0.44782207102161	0.373020190657986	0.28441811724292	0.179381302084714	0.149656244644677	0.0666325139590109	0.13578302712161	0.194117048928206	0.110789806934511	0.0931199194160136	0.191156276212896	0.0950466717976042	0.252881600027269	0.119524718501096	0.425326166615537	0.206849393825772	0.181835452386633	0.0716037727426929	0.154723615056593	0.251042323167051	0.748018938670402	0.29705265500349	0.22562332147506	0.393409848003693	0.252309775616283	0.231326716028628	0.276750487524676	0.195741673067566	0.225932212342505	0.314102836617254	0.248767818953186	0.12605275976017	0.538622071112639	0.427110441761186	0.436538762878521	0.32481315812086	0.72468373048991	0.465574789262453	0.630505249343832	0.578602612484385	0.420445488602004	0.392923403658512	0.578944633609988	0.557968282630085	0.472202610312009	0.604494900746577
Ceanothus.asiaticus..11.	0.258420275161347	0.406769611580264	0.396532812686478	0.441254188911852	0.450564258823187	0.456441457755942	0.369280045351474	0.472025981091361	0.461394210461963	0.532341576722552	0	0.429310859444788	0.110688094682317	0.208390516016533	0.326753286329479	0.233604175960001	0.176357875969318	0.211402534941852	0.304737917330053	0.24062968037009	0.257734274265262	0.273171060090703	0.392817653576582	0.365621212565486	0.474459283091346	0.246288489989492	0.380952574211503	0.413045527554456	0.500623189090451	0.457218138544077	0.556351843062806	0.480864040060469	0.454306108036435	0.478313719355667	0.569971592184729	0.490968752191598	0.511672745852727	0.404791859925788	0.483968447227376	0.25275888133031	0.420580640589569	0.500299616058545	0.503819444444444	0.477520393750721	0.567535174530805	0.379023138343388	0.400461205823793	0.464778375781207	0.419243500971817	0.458328539749233	0.473705139106925	0.470317159398006	0.494651491259934	0.450183059334845	0.371705780316822	0.450391707608969	0.488422095863267	0.228493283887629	0.218876886692177	0.254223937709412	0.355954152494331	0.267198472130788	0.207292060342656	0.296299627609665	0.248297821408829	0.239049970153624	0.246565805075211	0.255174415486915	0.252709340315073	0.266745745283929	0.24757162599392
Colubrina.arborescens..12.	0.556454692031615	0.353063682805062	0.346318004607478	0.344824678368982	0.341448828948829	0.388447303725082	0.324761153198653	0.375189878818911	0.386247453526865	0.490335062283881	0.429310859444788	0	0.388713111507229	0.321025429095049	0.63294470435726	0.505696997295358	0.511129593999964	0.534571698606786	0.654253963136942	0.358231343416529	0.360664594120476	0.542177987356559	0.266632996632997	0.22344856612098	0.317678203499099	0.331112592240641	0.20956228956229	0.269339225589226	0.371803350970018	0.411565086307354	0.479725270422945	0.399120437175993	0.372405552702163	0.433331858567708	0.483411674500783	0.39464886964887	0.443075618338776	0.306116221741222	0.421701539201539	0.322952741702742	0.364505651755652	0.419854497354497	0.43670297484073	0.383191377047309	0.353261592623295	0.631923230508136	0.334839759382442	0.35667637466418	0.241289473942535	0.305325488781371	0.317901410758554	0.321165997878327	0.365631931894068	0.332805521198378	0.277270356143596	0.315438612313612	0.388216387281808	0.494201313732564	0.443444442565536	0.453371759528476	0.283065025252525	0.616984969289117	0.447024310565977	0.561586472276127	0.552800122762809	0.448554768753444	0.445247550018542	0.549000689000689	0.527454097002969	0.483212699436104	0.563089671932467
Colubrina.asiatica..13.	0.264519048908189	0.338828788220269	0.321542418136845	0.363236229794309	0.370279992338816	0.389918560016599	0.323974770463741	0.406466421694126	0.373406862745098	0.467718495972317	0.110688094682317	0.388713111507229	0	0.117742399350739	0.357968207213129	0.229450158934248	0.187659508247744	0.223587631933865	0.351993298501434	0.146981735080864	0.182386009959539	0.285493141701125	0.309594332682568	0.275720671410327	0.39310456355013	0.183663878830665	0.312864853011912	0.317938665365136	0.436429302360675	0.372578177892004	0.490725902764206	0.41542328042328	0.388868711326338	0.402455825097334	0.500597857404788	0.420330784089122	0.446480130063721	0.332528983815748	0.409473304473304	0.178350734233087	0.372245487083722	0.445873864697394	0.427267573696145	0.416327208849641	0.518829009145029	0.406570814908773	0.340581849270874	0.378725338373832	0.358275294244682	0.37302559912854	0.380290620521713	0.390064069767938	0.431956115779645	0.357585534213685	0.276478095150423	0.35201687156344	0.435325313926193	0.224913680750078	0.167757237443589	0.214327986584352	0.302937042872705	0.322182295857411	0.171301591624304	0.295419819268704	0.252334499305527	0.177884880957534	0.191738951729971	0.259567740008917	0.236892447037294	0.23249216944461	0.246054358181895
Colubrina.pubescens..14.	0.345858701506219	0.28538830343719	0.272108118397259	0.295157725537472	0.310577116273319	0.326731483341891	0.290522905364677	0.346883081529876	0.320881052843078	0.432654205407868	0.208390516016533	0.321025429095049	0.117742399350739	0	0.438650629217269	0.311443541932233	0.291297375333944	0.312851558690444	0.459548561681608	0.108388246427393	0.182655435591958	0.364033446712018	0.230978135788262	0.202331067739186	0.319725063651004	0.152290077037298	0.233845142199573	0.226036700641131	0.424818407096888	0.353244253462836	0.467181126203793	0.400923805058826	0.374130321512857	0.380468741114788	0.486080723804749	0.390131745203192	0.415366263760667	0.287286974628747	0.383953641295413	0.156627341833038	0.3446742013261	0.420893473614993	0.399662529267283	0.390867992766727	0.456714557175774	0.468014707276112	0.280459412076038	0.308686175921434	0.271268395845378	0.305955926674467	0.325758047457867	0.327193583635408	0.39671488848704	0.303569634604897	0.210435184949359	0.266357466568437	0.398462084467053	0.290345293209877	0.22639738500226	0.277173280673186	0.215221738748242	0.428422830272711	0.235692867747193	0.369285211975085	0.332038621439717	0.231919062788163	0.232907883899526	0.341864753541969	0.31273778554282	0.297063192814607	0.335225695404099
Colubrina.spinosa..15.	0.136742391696686	0.620062018158121	0.614261597566412	0.668075051064493	0.682682566146692	0.68365189429589	0.598971612748238	0.68577303745646	0.686869076230392	0.742009217737917	0.326753286329479	0.63294470435726	0.357968207213129	0.438650629217269	0	0.202554568961795	0.219674316699313	0.170153658103072	0.0675612067490228	0.425391794504068	0.442198985972067	0.152027025309376	0.624625919670763	0.59001465928364	0.709765633714834	0.421942766953294	0.614540245504371	0.64150188895144	0.709987248813856	0.683209411390032	0.74527327112581	0.6953485024636	0.658237331567118	0.683023518090994	0.770799390957673	0.688091899265677	0.730180102723176	0.63399641433554	0.699861313325439	0.438485323014471	0.636489376468076	0.683681999365856	0.726479769785343	0.700872521236206	0.747067369071472	0.112478394352918	0.61721957686425	0.687007689984011	0.649105136395792	0.687416547336423	0.693716439087996	0.677268869134156	0.722366637020083	0.681461928318911	0.603375885607617	0.680705205392238	0.720377793211077	0.218661279025395	0.365339594065859	0.352626216026423	0.574681527599829	0.143234795726478	0.331904084711447	0.168261466640158	0.202042429499594	0.338786114729007	0.357238120775758	0.210075613730322	0.216379473668155	0.341569760397878	0.207225226367725
Gouania.hypoglauca..19.	0.105903071287687	0.442012122354124	0.434944259555994	0.477269744101556	0.492797760830548	0.506092847987201	0.42220506440281	0.513523960615447	0.501281965427337	0.575551263059331	0.233604175960001	0.505696997295358	0.229450158934248	0.311443541932233	0.202554568961795	0	0.125898539271338	0.130192379095888	0.222273905027655	0.26114801482895	0.256611875169011	0.101578984052637	0.431646500130107	0.397287051244089	0.518199449668131	0.243641630649328	0.430260035956757	0.455914778148385	0.524953838410123	0.492882594139566	0.574559150131014	0.522516986150866	0.471159316741423	0.510350109731489	0.609447130310221	0.513264745648132	0.549600401276415	0.44950921687602	0.524787926099402	0.24481130587688	0.470965977101223	0.531592624133608	0.551129140180662	0.52333419336059	0.571033476173867	0.201327149583413	0.449691908950705	0.499706466619701	0.48540037014025	0.500800251794707	0.512444525939842	0.507995813416316	0.537485157732253	0.492888198084334	0.413348991948045	0.494088909850522	0.540608759463134	0.11512433772082	0.196853222376724	0.191641713369142	0.396380391295863	0.250204618247793	0.175610507560644	0.124681978877852	0.127441118632702	0.19563097866078	0.244942971557288	0.126784272562961	0.0592687563952817	0.183571539300524	0.159183770866783
Gouania.leptostachya..16.	0.104237326459549	0.450327393622413	0.444282001299545	0.487394700808906	0.502002215891105	0.508950617283951	0.439450384577699	0.514257742125126	0.513015051699692	0.571600077768057	0.176357875969318	0.511129593999964	0.187659508247744	0.291297375333944	0.219674316699313	0.125898539271338	0	0.0643482420041874	0.210005336869009	0.252941896923378	0.272460187778815	0.143284237563338	0.450875020041687	0.420378985992013	0.533200509796696	0.266546250890199	0.448949058486096	0.475218120357009	0.54740237471719	0.507323087692503	0.573118582776205	0.519393004115226	0.485215326976156	0.516203287744168	0.608750749413566	0.520899849694237	0.558943113957734	0.457758637966971	0.525578269467158	0.267924950563839	0.470433519498334	0.525005611672278	0.550200162369474	0.528094640241533	0.607456763022169	0.287168803774324	0.455148364424561	0.506377525415466	0.493969983643075	0.515160416018259	0.517797304106828	0.499257386871542	0.555496933081435	0.501075522801713	0.430925988026927	0.500218621399177	0.547697135275017	0.140230471046443	0.196716717647707	0.184944106627357	0.415069413825201	0.176227986880402	0.182628478346071	0.172043845067472	0.0886579740919155	0.175301098691459	0.196891983162127	0.0914279755946423	0.121385124333467	0.180815727919747	0.113346374724347
Gouania.leptostachya..18.	0.0610784783018252	0.484837132742456	0.479036712150747	0.526871092405181	0.544627505373119	0.548427008880225	0.478674086837464	0.551805776388402	0.551644190814727	0.605324873499	0.211402534941852	0.534571698606786	0.223587631933865	0.312851558690444	0.170153658103072	0.130192379095888	0.0643482420041874	0	0.171550384037319	0.287220107882876	0.306974100556402	0.106072373393802	0.489593343628431	0.454982083241309	0.570889218624228	0.30231242344796	0.48893082875539	0.509821217606305	0.589668194054159	0.542005452730719	0.607165091885614	0.553108078839073	0.517101860898322	0.549306595454394	0.642430654928484	0.557690068049084	0.588976144063863	0.492792455676228	0.560837046319502	0.304654576255453	0.507142601875058	0.558194961308996	0.584198591717389	0.55973705056741	0.644839442973075	0.236434070851482	0.498112221044934	0.545803731324698	0.53622595794096	0.545135476217777	0.550432042662619	0.540610404753639	0.594599722967974	0.540257969659599	0.462171926948304	0.538151803118908	0.584657429312291	0.126059143808596	0.22601001200919	0.230207030151387	0.458279741599369	0.146365102036539	0.212565847489093	0.138116331697699	0.0807938343647953	0.200169082259241	0.224073950071673	0.0908190646787138	0.118171752131652	0.217739112359306	0.107059487226882
Gouania.polygama..20.	0.157884670339662	0.64095995062246	0.635159530030751	0.685830789717808	0.700438304800007	0.704549826760228	0.620509857311719	0.706670969920798	0.707767008694731	0.76187210641223	0.304737917330053	0.654253963136942	0.351993298501434	0.459548561681608	0.0675612067490228	0.222273905027655	0.210005336869009	0.171550384037319	0	0.443147533157383	0.463096918436405	0.199816603946543	0.640968422830125	0.606043682819178	0.727521372368149	0.446623205327798	0.636078490067852	0.662399821415779	0.729611046295443	0.700965150043347	0.761915960457524	0.7120677761517	0.67566508680645	0.703921450555332	0.792702316584242	0.708989831730016	0.747935841376491	0.651752152988855	0.717617051978754	0.452893026004728	0.656776680175616	0.705126953424826	0.742518936652675	0.718300276475538	0.76281577169875	0.151896462184499	0.640954388761213	0.704763428637326	0.670643380959273	0.704866971611339	0.711166863362912	0.694261321841473	0.742959255106022	0.699217666972226	0.621131624260932	0.698155629667154	0.738133531864393	0.239096336870051	0.380882692449764	0.365681193828225	0.599361965974333	0.12417509419691	0.352003335021952	0.202440199606377	0.213119878486662	0.354946137536316	0.376624612326659	0.216673809067426	0.2287507459124	0.347174940898345	0.220298302975066
Guoania.javanica..17.	0.308320042045113	0.25712723077027	0.237105753065792	0.277845000582928	0.285939078068708	0.305391436409955	0.275071587791495	0.338974148666502	0.304190801835137	0.407125961106714	0.24062968037009	0.358231343416529	0.146981735080864	0.108388246427393	0.425391794504068	0.26114801482895	0.252941896923378	0.287220107882876	0.443147533157383	0	0.124646401770585	0.320355708126872	0.233436303065933	0.211799938508112	0.308450984349271	0.110362776797962	0.241972992713733	0.246219358487877	0.415728715728716	0.326752607623169	0.447903422063629	0.375285126396237	0.333190346655507	0.346256641487249	0.476824349101577	0.35637168150532	0.37760110151923	0.261164555609	0.344400619956175	0.10685859921971	0.303918577307466	0.36691999358666	0.377362055933484	0.367499177951155	0.462291476436472	0.450742857512599	0.255219699794	0.288163705711131	0.299887021240007	0.302447882445159	0.29242591623544	0.299531567517361	0.360254105237924	0.282229990761737	0.194213152716022	0.261680016656869	0.382839671001665	0.239458559915736	0.139797572353273	0.190559584499607	0.225838507985499	0.40265164342652	0.161015579071135	0.32181624061573	0.263669124980623	0.142435173180819	0.170540454425102	0.266127026497397	0.257239512655831	0.207009904478384	0.290302369442754
Hovenia.acerba..21.	0.329133920168988	0.205809843094326	0.189744070142677	0.244587258250698	0.253855730326319	0.256461380848636	0.204246031746032	0.272458723632822	0.251206037970744	0.347362339511483	0.257734274265262	0.360664594120476	0.182386009959539	0.182655435591958	0.442198985972067	0.256611875169011	0.272460187778815	0.306974100556402	0.463096918436405	0.124646401770585	0	0.314976879640745	0.196504222901282	0.212596925743477	0.272285717769695	0.111198693569569	0.240891796112384	0.208809736015618	0.322707466825114	0.267665187495388	0.377308391056681	0.301015665525469	0.266515796525767	0.28403346663613	0.390492984872717	0.296900257812174	0.328017265385686	0.212398494751436	0.293220439691028	0.112580284639108	0.248114379084967	0.315182497241321	0.31839180116491	0.298433139734236	0.389286831753978	0.430836291539677	0.21213733460864	0.259546393082978	0.310726552525772	0.26103719265484	0.27312651556349	0.27439639478318	0.310101257331411	0.247281690453959	0.184699920656839	0.250510945118788	0.312805454476702	0.258327983971366	0.141547673757003	0.138430716399329	0.17140887605042	0.429273133984777	0.157132806826434	0.334831973019093	0.280251839541787	0.14700390641908	0.11117989180405	0.28059386066739	0.267237816179103	0.164487313838065	0.311139372051586
Hovenia.acerba.var..kiukiangensis..22.	0.0762701599377424	0.4925775080147	0.487174633011099	0.523645160595884	0.540417248095819	0.546705404383976	0.48530824829932	0.549862939799576	0.554885065137166	0.613727234988484	0.273171060090703	0.542177987356559	0.285493141701125	0.364033446712018	0.152027025309376	0.101578984052637	0.143284237563338	0.106072373393802	0.199816603946543	0.320355708126872	0.314976879640745	0	0.496742681921253	0.471244722026742	0.575070523234169	0.313067999557547	0.492543547722119	0.521732460661032	0.596611208456446	0.550109784463614	0.619645911336111	0.561909695977156	0.529025375686998	0.55915923287554	0.65307360072742	0.569734232180845	0.602878475951784	0.500708230261802	0.575339363017934	0.317397443826015	0.520100907029478	0.572460575139146	0.59499433106576	0.571821985856489	0.638771710811984	0.160746641423865	0.505344422321774	0.54824753885294	0.517584629089731	0.561308189942644	0.563298665620094	0.548858952256702	0.599738100741915	0.543592214663643	0.475689494107502	0.544660651297556	0.59282553987327	0.101961963025951	0.237921051232993	0.236525154838055	0.465806760204082	0.209311590227489	0.240846718316956	0.0615316873875987	0.134813108493812	0.217276827949723	0.272444024683665	0.153584988049274	0.0934044933762978	0.222573635837314	0.181103115190763
Karwinskia.calderonii..23.	0.511914645183876	0.156615290839429	0.145235247208931	0.158865325953934	0.158441095941096	0.194258457591791	0.164214240620491	0.185266838895871	0.184440872308519	0.312437791866926	0.392817653576582	0.266632996632997	0.309594332682568	0.230978135788262	0.624625919670763	0.431646500130107	0.450875020041687	0.489593343628431	0.640968422830125	0.233436303065933	0.196504222901282	0.496742681921253	0	0.126739438722197	0.158254183627318	0.24595572449231	0.117676767676768	0.094050024050024	0.262953342953343	0.225057645676202	0.327150128080361	0.248847202180535	0.216513561767799	0.238644191238531	0.338829918706156	0.234775814105711	0.258043593833067	0.132323232323232	0.229758297258297	0.208277417027417	0.193638528138528	0.261731601731602	0.256396508819978	0.240440482304889	0.29012987012987	0.610531051757467	0.171359940872136	0.170350279801499	0.155524339605972	0.164030642560054	0.174528011670869	0.185235525509498	0.229815912243097	0.14981580258366	0.103084771253785	0.125011924803591	0.242609270272822	0.446950231481481	0.313981923024892	0.310169875729577	0.116720441017316	0.612388932112434	0.327284451659452	0.512939244663383	0.464151231576605	0.326172128092658	0.302387065860348	0.455628485628486	0.450010741138561	0.336615317306807	0.499353138370606
Krugiodendron.ferreum..24.	0.479275771384525	0.218787629994527	0.20437256935442	0.229527031240257	0.227908912607188	0.258821382959314	0.236781609195402	0.270714815403358	0.257021045966279	0.364757853544169	0.365621212565486	0.22344856612098	0.275720671410327	0.202331067739186	0.59001465928364	0.397287051244089	0.420378985992013	0.454982083241309	0.606043682819178	0.211799938508112	0.212596925743477	0.471244722026742	0.126739438722197	0	0.215369580668088	0.222214879784266	0.108105314226004	0.131879654508965	0.302806389013286	0.277619851708903	0.371848627181426	0.320024022380344	0.294871420222092	0.307509023453233	0.385240506809302	0.321537264627382	0.338435312418978	0.210356023287058	0.301607018460467	0.177227633477633	0.277757799671593	0.342261531571876	0.320756816683981	0.289922351173082	0.303236179529283	0.578917908521031	0.21519183787897	0.235235024764041	0.177440853188566	0.214846340835185	0.230794943972284	0.246358466233289	0.315854815310791	0.211248924857299	0.120504637017507	0.187961442559144	0.314856974049691	0.404853556604634	0.29820461095717	0.312315270935961	0.144346734742748	0.574155240516674	0.323445957246245	0.473033661740558	0.431198345982185	0.307823459367762	0.302698339579756	0.421076532197222	0.407391477462128	0.333789260385005	0.461119446774845
Paliurus.perforatus..25.	0.590721494668108	0.181283341094201	0.166698088504844	0.165084163270447	0.103559658970107	0.148060110967795	0.215464048803601	0.151248207248448	0.149350121474792	0.25357177834114	0.474459283091346	0.317678203499099	0.39310456355013	0.319725063651004	0.709765633714834	0.518199449668131	0.533200509796696	0.570889218624228	0.727521372368149	0.308450984349271	0.272285717769695	0.575070523234169	0.158254183627318	0.215369580668088	0	0.292634100114988	0.178074777627016	0.130737590905501	0.229874437337124	0.174925202167855	0.294445821832146	0.226887783305694	0.223504149952417	0.196544596201383	0.292909568142315	0.210700242039679	0.208910273195426	0.175457937584803	0.175937439426245	0.286513365711127	0.20838237384506	0.256128448665762	0.21096171233241	0.1924327113424	0.222610919566302	0.698788514748808	0.181752387886352	0.124672658773496	0.177939686891103	0.13715735050239	0.136687311740617	0.172512032141965	0.168079505385693	0.104377206935842	0.159346793864347	0.118359590934218	0.1873181931907	0.521625071566769	0.387804490382907	0.394506633499171	0.179419587331201	0.691901257373436	0.405945882360683	0.599252015783153	0.545156163626313	0.402898233524901	0.366431202764802	0.54218143516651	0.53298758623638	0.426062884664822	0.579589911743011
Rhamnella.franguloides..26.	0.321369482872766	0.28140293964516	0.268456507121462	0.309011697711914	0.29800172727002	0.335105694641602	0.27133855981417	0.32591447803879	0.335058223831538	0.44782207102161	0.246288489989492	0.331112592240641	0.183663878830665	0.152290077037298	0.421942766953294	0.243641630649328	0.266546250890199	0.30231242344796	0.446623205327798	0.110362776797962	0.111198693569569	0.313067999557547	0.24595572449231	0.222214879784266	0.292634100114988	0	0.205391194171682	0.258115416652002	0.408891274338429	0.370689874516565	0.480668323294529	0.405158515077214	0.357836768440324	0.388184537505752	0.491377935702978	0.376219537140143	0.412827189926035	0.294839510083413	0.391352197937564	0.0706444526566478	0.3332158343012	0.403123394220955	0.420684696642885	0.390929447430068	0.412620520012191	0.406579120373414	0.27861014324429	0.305816879597367	0.266811303499332	0.300074298011888	0.328119190140096	0.325989212925397	0.363388511138926	0.302109258337481	0.223965200416592	0.304380135071192	0.379373582120334	0.258750625080656	0.166404397442412	0.202948924078793	0.188307866337592	0.413374213440949	0.160770879038155	0.346767174629874	0.285154379573291	0.184510044662887	0.180557421100383	0.287701590963786	0.267528341032605	0.224170054200542	0.301062867810525
Rhamnella.tonkinensis..27.	0.506015501592425	0.223230332885505	0.205475051264525	0.229890770270517	0.203548904798905	0.256983726150393	0.230238095238095	0.261728808825583	0.263295277707042	0.373020190657986	0.380952574211503	0.20956228956229	0.312864853011912	0.233845142199573	0.614540245504371	0.430260035956757	0.448949058486096	0.48893082875539	0.636078490067852	0.241972992713733	0.240891796112384	0.492543547722119	0.117676767676768	0.108105314226004	0.178074777627016	0.205391194171682	0	0.12840367965368	0.307372134038801	0.286158343374838	0.403726970703715	0.319809203142536	0.293033971678039	0.313397145307523	0.407693912248368	0.313770027223635	0.344326725905673	0.229545454545455	0.298962842712843	0.209032587782588	0.269886724386724	0.340858585858586	0.332195055511382	0.284590578912613	0.280895888980995	0.601401208854039	0.208143455460529	0.232539506563897	0.105560561887093	0.225243188184365	0.230852797995655	0.239217221135029	0.289356253239748	0.21293599257885	0.145459067536532	0.188793490460157	0.306096209086863	0.442318196849447	0.325673278544372	0.357686190260817	0.137275996572872	0.599992618748379	0.339445346320346	0.517293625914316	0.467961832252877	0.34654511051862	0.351699051584548	0.468850668850669	0.451029196367542	0.386464262687667	0.49350368942072
Rhamnus.crenata..28.	0.534114905749521	0.152732580318787	0.143834744690008	0.162907252147758	0.142828005328005	0.17149303885415	0.173783068783069	0.185504041955655	0.169825000707354	0.28441811724292	0.413045527554456	0.269339225589226	0.317938665365136	0.226036700641131	0.64150188895144	0.455914778148385	0.475218120357009	0.509821217606305	0.662399821415779	0.246219358487877	0.208809736015618	0.521732460661032	0.094050024050024	0.131879654508965	0.130737590905501	0.258115416652002	0.12840367965368	0	0.251130351130351	0.192315242508541	0.317531908229583	0.251951258617925	0.229030009538484	0.223923307649723	0.324060501288224	0.229122595617441	0.253033752310068	0.158038720538721	0.221743626743627	0.224969937469937	0.218313852813853	0.27953823953824	0.241913240765282	0.222893584757992	0.255974640017193	0.623785417063719	0.143133424840742	0.167739752343411	0.164711252466354	0.163576238576239	0.163073170216027	0.199125962824593	0.236580086580087	0.146505016147873	0.118705541328781	0.120234086900754	0.246873946406657	0.456403694684945	0.329001463669432	0.338478557788259	0.110971696127946	0.629923203396706	0.338028599486933	0.527896016818431	0.482720730761776	0.341686197356727	0.300762830963213	0.479896763646764	0.461970470006184	0.361678781226654	0.511064993352111
Rhamnus.davurica..29.	0.606983555380991	0.223212419764144	0.219095212779423	0.231501878337321	0.197502497502497	0.175228475228475	0.227354697771364	0.17926267281106	0.163128483716719	0.179381302084714	0.500623189090451	0.371803350970018	0.436429302360675	0.424818407096888	0.709987248813856	0.524953838410123	0.54740237471719	0.589668194054159	0.729611046295443	0.415728715728716	0.322707466825114	0.596611208456446	0.262953342953343	0.302806389013286	0.229874437337124	0.408891274338429	0.307372134038801	0.251130351130351	0	0.135834535834536	0.143915903218229	0.0858569825236492	0.125675642624795	0.136276473933707	0.164852675743765	0.136589756177385	0.151432200028691	0.201304713804714	0.124486531986532	0.381017516434183	0.157409371492705	0.149260862594196	0.131554061018347	0.0966946502963452	0.193234097134806	0.70575574553562	0.262490761271249	0.222442191954387	0.332531011442576	0.182014767186336	0.162048004905148	0.224180240104898	0.122955631208058	0.192257610114753	0.291619752183132	0.22257696007696	0.111129991503823	0.557999639249639	0.444730492549503	0.415363867291728	0.279609838464005	0.698428694818864	0.446436588103255	0.615860465630581	0.562684084388064	0.444954326190529	0.391120217074415	0.548147454814121	0.54981724392752	0.441143450717919	0.591215317379801
